0.000184
0.000106
0.000103
0.000147
0.000067
0.000216
0.000113
0.000153
0.000151
0.000199
0.000168
0.000160
0.000136
0.000164
0.000124
0.000186
0.000138
0.000179
0.000146
0.000178
0.000162
0.000208
0.000219
0.000223
0.000207
0.000201
0.000217
0.000214
0.000240
0.000377
0.000246
0.000503
0.000296
0.000287
0.000299
0.000348
0.000310
0.000341
0.000307
0.000372
0.000384
0.000320
0.000435
0.000459
0.000269
0.000382
0.000390
0.000441
0.000299
0.000555
0.000513
0.000488
0.000453
0.000536
0.000484
0.000536
0.000665
0.000744
0.000643
0.000666
0.000683
0.000503
0.000525
0.000752
