0.000129
0.000138
0.000086
0.000125
0.000130
0.000150
0.000092
0.000158
0.000154
0.000099
0.000160
0.000132
0.000100
0.000164
0.000145
0.000144
0.000158
0.000151
0.000159
0.000171
0.000143
0.000182
0.000123
0.000124
0.000116
0.000173
0.000146
0.000152
0.000207
0.000140
0.000151
0.000199
0.000183
0.000143
0.000231
0.000212
0.000149
0.000221
0.000250
0.000226
0.000236
0.000170
0.000200
0.000213
0.000280
0.000310
0.000288
0.000335
0.000297
0.000253
0.000388
0.000288
0.000300
0.000217
0.000315
0.000205
0.000293
0.000194
0.000245
0.000356
0.000268
0.000333
0.000357
0.000351
