0.000163
0.000147
0.000157
0.000102
0.000133
0.000138
0.000066
0.000123
0.000098
0.000229
0.000138
0.000140
0.000112
0.000142
0.000145
0.000129
0.000098
0.000146
0.000148
0.000150
0.000146
0.000168
0.000166
0.000136
0.000147
0.000106
0.000154
0.000143
0.000157
0.000160
0.000157
0.000214
0.000117
0.000169
0.000120
0.000169
0.000087
0.000133
0.000168
0.000191
0.000251
0.000265
0.000177
0.000176
0.000181
0.000188
0.000170
0.000185
0.000194
0.000186
0.000183
0.000240
0.000158
0.000215
0.000200
0.000195
0.000156
0.000162
0.000203
0.000208
0.000212
0.000170
0.000283
0.000188
